FIELDS NEED TO BE UPDATED:
--------------------------
1. Partner ramport keys

2. Partners used in shipment

3. FDA products partner, partner address

4. Confirmation from ABI result

5. Create a method to update from ABI results

===============================================
select * from `ramport_cache` where `table` = 'FDADATA.TXT' and `id` IN
(111994, 113442, 113448, 113510, 113551, 113622, 112736, 112788, 113149, 113191, 113223, 113316, 113331, 113344, 113346, 113392, 113394, 113424,
113430, 113438, 113458, 113466, 113472, 113504, 113507, 113512, 113513, 113520, 113527, 113534, 113538, 113557, 113563, 113574, 113605, 113616,
113624, 113628, 113631, 113633, 113636, 113647, 113648, 112293, 113682, 113710, 113715, 113723, 113754, 113762, 113767, 113772, 113790, 113823,
113840, 113843, 113880, 113885, 113934, 113936, 113938, 113940, 113942, 113945, 113949, 113652, 113654, 113656, 113657, 113660, 113663, 113665,
113667, 113672, 113679, 113717, 113746, 113750, 113802, 113805, 113850, 113859, 113865, 113877, 113898, 113900, 113905, 113921, 113923, 113932,
113751, 113752, 113651, 113968, 113970, 113382, 113758, 113759, 113760, 113764, 113766, 113827, 113867, 113944, 113947, 113948, 113950, 113951,
113955, 113471, 113500, 113957, 113958, 113960, 113962, 113964, 113966, 113969, 112318, 113036, 113189, 113212, 113301, 113311, 113320, 113340,
113342, 113345, 113348, 113393, 113401, 113404, 113425, 113436, 113439, 113444, 113449, 113465, 113505, 113508, 113509, 113511, 113516, 113522,
113526, 113536, 113537, 113540, 113553, 113571, 113604, 113606, 113620, 113623, 113626, 113629, 113630, 113632, 113634, 113638, 113649, 113650,
113658, 113662, 113666, 113668, 113674, 113681, 113686, 113714, 113716, 113720, 113727, 113728, 113753, 113761, 113763, 113768, 113779, 113793,
113804, 113807, 113824, 113831, 113844, 113858, 113861, 113875, 113878, 113882, 113888, 113899, 113903, 113906, 113924, 113933, 113935, 113937, 113939,
113941, 113943, 113946, 113952, 113953, 113954, 113956, 113959, 113961, 113963, 113965, 113967, 999999);
